(0.14, 24, 2235)
(0.26, 5, 4811)
(0.17, 23, 6475)
(0.0, 22, 11132)
(0.13, 6, 638)
(0.16, 25, 6542)
(0.26, 22, 19399)
(0.14, 16, 1389)
(0.05, 5, 374)
(0.2, 6, 1956)
(0.16, 12, 1233)
(0.01, 4, 479)
(0.19, 4, 534)
(0.0, 21, 13513)
(0.02, 19, 871)
(0.06, 15, 558)
(0.06, 5, 210)
(0.01, 23, 1747)
(0.06, 19, 643)
(0.24, 19, 12016)
(0.11, 24, 1260)
(0.15, 6, 315)
(0.26, 10, 15376)
(0.12, 17, 1440)
(0.0, 11, 10516)
(0.02, 24, 821)
(0.27, 14, 27765)
(0.21, 2, 603)
(0.25, 10, 7797)
(0.19, 13, 2439)
(0.23, 2, 402)
(0.07, 24, 609)
(0.08, 2, 164)
(0.04, 14, 655)
(0.3, 20, 50000)
(0.28, 11, 33136)
(0.22, 17, 5760)
(0.22, 3, 525)
(0.25, 21, 35360)
(0.01, 21, 1364)
(0.04, 20, 1183)
(0.14, 7, 777)
(0.0, 5, 4553)
(0.29, 20, 50000)
(0.27, 23, 50000)
(0.23, 1, 288)
(0.13, 7, 499)
(0.16, 20, 3164)
(0.04, 22, 528)
(0.02, 17, 1232)
(0.18, 15, 5623)
(0.1, 14, 894)
(0.25, 11, 10369)
(0.2, 17, 4185)
(0.29, 6, 5983)
(0.02, 23, 1152)
(0.11, 21, 855)
(0.04, 1, 401)
(0.03, 3, 355)
(0.1, 7, 755)
(0.3, 16, 50000)
(0.06, 6, 490)
(0.24, 5, 4113)
(0.06, 13, 453)
(0.1, 12, 1237)
(0.29, 22, 50000)
(0.2, 8, 3961)
(0.17, 17, 2798)
(0.18, 3, 302)
(0.3, 16, 45460)
(0.21, 1, 273)
(0.16, 9, 1561)
(0.18, 1, 306)
(0.25, 5, 4028)
(0.06, 11, 720)
(0.15, 2, 248)
(0.0, 23, 20928)
(0.28, 11, 18728)
(0.07, 9, 394)
(0.22, 8, 4796)
(0.3, 11, 42071)
(0.15, 14, 1608)
(0.27, 18, 50000)
(0.14, 17, 2120)
(0.24, 11, 10584)
(0.09, 13, 759)
(0.17, 23, 5932)
(0.23, 7, 6101)
(0.18, 15, 3724)
(0.21, 5, 1117)
(0.2, 2, 359)
(0.23, 8, 5069)
(0.3, 23, 50000)
(0.2, 13, 5268)
(0.06, 3, 285)
(0.06, 23, 824)
(0.25, 12, 4079)
(0.08, 2, 253)
(0.21, 19, 6427)
(0.07, 19, 950)
(0.04, 2, 264)
(0.19, 24, 5282)
(0.18, 6, 2339)
(0.23, 16, 12568)
(0.1, 2, 261)
(0.06, 23, 1312)
(0.23, 18, 11165)
(0.21, 17, 9107)
(0.29, 4, 9788)
(0.26, 12, 11765)
(0.06, 6, 408)
(0.15, 19, 3999)
(0.28, 23, 50000)
(0.05, 11, 415)
(0.07, 13, 617)
(0.06, 1, 287)
(0.18, 21, 7821)
(0.0, 3, 4427)
(0.1, 15, 1436)
(0.15, 22, 2831)
(0.17, 4, 943)
(0.12, 20, 2505)
(0.18, 3, 501)
(0.17, 9, 1369)
(0.14, 19, 2191)
(0.06, 21, 1225)
(0.05, 15, 450)
(0.15, 16, 1867)
(0.05, 3, 301)
(0.14, 19, 2001)
(0.13, 3, 321)
(0.29, 23, 50000)
(0.04, 6, 157)
(0.2, 13, 2343)
(0.22, 25, 7981)
(0.05, 2, 200)
(0.18, 18, 3543)
(0.08, 9, 413)
(0.1, 20, 1355)
(0.2, 3, 927)
(0.08, 15, 1238)
(0.1, 1, 329)
(0.1, 24, 1693)
(0.18, 17, 6569)
(0.18, 12, 1537)
(0.16, 21, 3173)
(0.26, 8, 11611)
(0.1, 11, 698)
(0.08, 12, 851)
(0.23, 9, 10739)
(0.05, 13, 807)
(0.17, 11, 8006)
(0.15, 13, 1120)
(0.02, 17, 922)
(0.13, 15, 1844)
(0.27, 3, 2062)
(0.14, 16, 2907)
(0.19, 17, 2612)
(0.22, 4, 916)
(0.0, 4, 4852)
(0.19, 10, 1776)
(0.2, 24, 10187)
(0.18, 18, 4573)
(0.18, 3, 439)
(0.03, 3, 287)
(0.14, 17, 1419)
(0.03, 11, 543)
(0.09, 20, 769)
(0.2, 8, 3495)
(0.23, 25, 21630)
(0.1, 9, 650)
(0.11, 6, 294)
(0.06, 11, 561)
(0.26, 9, 11991)
(0.08, 6, 355)
(0.23, 14, 9468)
(0.12, 19, 1412)
(0.17, 18, 2237)
(0.21, 6, 1775)
(0.18, 2, 318)
(0.26, 1, 271)
(0.04, 13, 525)
(0.15, 21, 3875)
(0.09, 5, 260)
(0.16, 7, 871)
(0.21, 9, 2250)
(0.0, 21, 8219)
(0.29, 7, 11636)
(0.06, 7, 343)
(0.07, 4, 226)
(0.11, 20, 2257)
(0.27, 25, 50000)
(0.21, 3, 676)
(0.02, 10, 381)
(0.17, 24, 5388)
(0.29, 2, 1974)
(0.07, 9, 657)
(0.23, 11, 3378)
(0.19, 6, 861)
(0.01, 18, 1372)
(0.13, 24, 3545)
(0.23, 24, 12665)
(0.16, 4, 229)
(0.11, 12, 921)
(0.09, 9, 863)
(0.11, 22, 1955)
(0.09, 22, 1019)
(0.29, 24, 50000)
(0.18, 3, 415)
(0.27, 1, 143)
(0.12, 17, 2314)
(0.13, 11, 1262)
(0.28, 19, 50000)
(0.24, 3, 1691)
(0.04, 25, 1343)
(0.12, 21, 2149)
(0.02, 23, 1631)
(0.18, 5, 459)
(0.23, 18, 9510)
(0.24, 14, 13421)
(0.07, 9, 345)
(0.07, 5, 236)
(0.08, 22, 881)
(0.18, 1, 294)
(0.28, 4, 3600)
(0.18, 17, 6320)
(0.14, 20, 4210)
(0.07, 6, 275)
(0.01, 5, 544)
(0.2, 22, 23511)
(0.29, 16, 20396)
(0.21, 16, 8317)
(0.08, 22, 1506)
(0.03, 2, 216)
(0.29, 7, 14223)
(0.13, 11, 862)
(0.03, 11, 857)
(0.03, 23, 825)
(0.16, 6, 684)
(0.26, 9, 8909)
(0.08, 17, 1057)
(0.24, 3, 2429)
(0.24, 11, 11647)
(0.01, 5, 733)
(0.18, 12, 4306)
(0.24, 18, 17999)
(0.14, 8, 510)
(0.26, 24, 43568)
(0.3, 5, 4544)
(0.15, 11, 1433)
(0.0, 20, 13784)
(0.06, 25, 1919)
(0.16, 22, 1830)
(0.19, 7, 1792)
(0.0, 21, 25265)
(0.06, 17, 650)
(0.27, 2, 563)
(0.11, 2, 173)
(0.23, 13, 6640)
(0.0, 14, 8888)
(0.11, 18, 2190)
(0.07, 15, 555)
(0.21, 19, 9634)
(0.23, 6, 4701)
(0.09, 11, 382)
(0.13, 4, 244)
(0.15, 11, 1920)
(0.15, 19, 3243)
(0.01, 2, 496)
(0.07, 10, 518)
(0.09, 24, 2327)
(0.27, 7, 8910)
(0.12, 13, 1727)
(0.21, 4, 864)
(0.1, 23, 1798)
(0.25, 3, 672)
(0.13, 4, 340)
(0.04, 4, 220)
(0.3, 14, 29387)
(0.12, 9, 764)
(0.29, 18, 50000)
(0.13, 3, 239)
(0.23, 4, 864)
(0.15, 16, 1814)
(0.19, 18, 4040)
(0.19, 25, 6507)
(0.24, 17, 19848)
(0.15, 17, 1873)
(0.26, 20, 24111)
(0.25, 18, 14340)
(0.25, 25, 22242)
(0.25, 10, 5667)
(0.2, 8, 2309)
(0.27, 25, 37677)
(0.22, 7, 3829)
(0.05, 16, 791)
(0.17, 5, 943)
(0.14, 16, 3383)
(0.11, 21, 2306)
(0.22, 16, 15380)
(0.18, 6, 1217)
(0.03, 6, 525)
(0.04, 2, 227)
(0.18, 11, 2248)
(0.02, 17, 1725)
(0.11, 4, 214)
(0.05, 23, 777)
(0.02, 1, 579)
(0.23, 24, 35473)
(0.3, 2, 1106)
(0.19, 5, 558)
(0.02, 25, 2121)
(0.26, 20, 50000)
(0.06, 18, 737)
(0.23, 21, 8744)
(0.28, 16, 50000)
(0.22, 4, 1522)
(0.07, 20, 1487)
(0.26, 8, 6611)
(0.14, 23, 3957)
(0.11, 17, 2631)
(0.04, 23, 667)
(0.2, 6, 2603)
(0.24, 8, 5499)
(0.2, 4, 837)
(0.23, 8, 2734)
(0.18, 18, 6702)
(0.03, 24, 1468)
(0.13, 16, 1076)
(0.25, 11, 11186)
(0.21, 24, 20123)
(0.08, 11, 686)
(0.14, 22, 2576)
(0.1, 20, 833)
(0.07, 16, 449)
(0.1, 18, 1575)
(0.04, 23, 1199)
(0.22, 22, 16342)
(0.2, 22, 10109)
(0.26, 24, 50000)
(0.21, 7, 2404)
(0.2, 14, 4392)
(0.0, 11, 14258)
(0.0, 2, 4660)
(0.24, 14, 13504)
(0.07, 11, 853)
(0.06, 22, 1064)
(0.05, 19, 655)
(0.04, 10, 315)
(0.04, 6, 418)
(0.13, 4, 184)
(0.01, 19, 1181)
(0.13, 24, 2216)
(0.01, 7, 746)
(0.22, 4, 1674)
(0.23, 5, 1874)
(0.16, 7, 1004)
(0.01, 16, 1298)
(0.27, 13, 17605)
(0.05, 11, 848)
(0.07, 19, 914)
(0.03, 4, 240)
(0.04, 19, 713)
(0.08, 16, 1232)
(0.17, 20, 3315)
(0.07, 23, 745)
(0.3, 19, 48565)
(0.03, 6, 365)
(0.08, 24, 1100)
(0.16, 18, 6313)
(0.02, 14, 791)
(0.16, 21, 3771)
(0.08, 5, 330)
(0.05, 6, 316)
(0.1, 25, 1860)
(0.29, 20, 50000)
(0.2, 18, 4289)
(0.07, 18, 689)
(0.26, 24, 29156)
(0.1, 16, 1628)
(0.03, 5, 315)
(0.1, 19, 3426)
(0.19, 14, 4748)
(0.17, 21, 5719)
(0.17, 6, 1229)
(0.15, 12, 1674)
(0.01, 16, 1328)
(0.26, 19, 21998)
(0.22, 2, 303)
(0.21, 8, 2500)
(0.23, 16, 6977)
(0.21, 9, 1416)
(0.13, 13, 1511)
(0.09, 8, 462)
(0.0, 3, 5080)
(0.09, 13, 855)
(0.03, 1, 422)
(0.24, 2, 384)
(0.16, 22, 4767)
(0.04, 15, 550)
(0.1, 25, 2151)
(0.16, 3, 301)
(0.01, 7, 494)
(0.11, 21, 1036)
(0.07, 6, 188)
(0.2, 12, 5907)
(0.25, 4, 1220)
(0.16, 16, 2570)
(0.17, 23, 7614)
(0.15, 15, 1780)
(0.27, 13, 23049)
(0.05, 17, 752)
(0.0, 16, 8872)
(0.18, 22, 4116)
(0.18, 21, 7204)
(0.23, 5, 1046)
(0.01, 15, 1004)
(0.17, 8, 981)
(0.05, 8, 185)
(0.05, 23, 678)
(0.22, 12, 5997)
(0.19, 8, 1885)
(0.02, 23, 973)
(0.07, 2, 181)
(0.22, 11, 8430)
(0.02, 23, 1090)
(0.2, 16, 5624)
(0.24, 16, 20664)
(0.09, 22, 2277)
(0.12, 7, 666)
(0.08, 22, 1219)
(0.08, 22, 848)
(0.13, 10, 1560)
(0.11, 10, 1040)
(0.07, 16, 1098)
(0.17, 2, 200)
(0.03, 21, 1391)
(0.0, 19, 20507)
(0.14, 4, 528)
(0.28, 22, 48438)
(0.29, 7, 6941)
(0.28, 23, 50000)
(0.18, 2, 323)
(0.15, 8, 2476)
(0.28, 20, 50000)
(0.26, 25, 38621)
(0.23, 3, 704)
(0.24, 14, 18871)
(0.14, 25, 2143)
(0.22, 14, 7323)
(0.01, 4, 613)
(0.2, 5, 1567)
(0.18, 23, 4040)
(0.28, 23, 43248)
(0.14, 4, 359)
(0.06, 9, 308)
(0.29, 17, 38970)
(0.17, 7, 2143)
(0.07, 21, 1109)
(0.23, 7, 4506)
(0.27, 12, 15422)
(0.2, 22, 7704)
(0.16, 7, 856)
(0.12, 14, 1726)
(0.29, 20, 50000)
(0.05, 18, 1039)
(0.19, 4, 781)
(0.18, 20, 6174)
(0.3, 2, 457)
(0.16, 6, 763)
(0.05, 24, 1028)
(0.1, 6, 426)
(0.06, 9, 412)
(0.03, 2, 324)
(0.09, 11, 797)
(0.01, 3, 668)
(0.11, 19, 688)
(0.27, 15, 28460)
(0.15, 19, 1303)
(0.08, 9, 581)
(0.15, 11, 1650)
(0.11, 23, 1932)
(0.01, 10, 731)
(0.01, 17, 1388)
(0.17, 19, 4803)
(0.1, 12, 416)
(0.05, 6, 207)
(0.01, 11, 1899)
(0.0, 22, 23702)
(0.21, 18, 9655)
(0.16, 4, 466)
(0.08, 3, 163)
(0.11, 17, 606)
(0.14, 2, 261)
(0.15, 3, 248)
(0.24, 7, 2798)
(0.11, 19, 1793)
(0.21, 22, 11810)
(0.2, 18, 11905)
(0.14, 14, 3218)
(0.18, 7, 1211)
(0.03, 20, 1596)
(0.16, 15, 2917)
(0.15, 5, 505)
(0.12, 12, 943)
(0.06, 15, 993)
(0.0, 12, 5812)
(0.1, 7, 320)
(0.08, 25, 1259)
(0.08, 15, 431)
(0.13, 1, 306)
(0.29, 22, 50000)
(0.11, 1, 208)
(0.16, 18, 2146)
(0.17, 10, 971)
(0.29, 14, 50000)
(0.1, 18, 1312)
(0.11, 21, 1489)
(0.06, 2, 180)
(0.29, 10, 46131)
(0.02, 25, 1611)
(0.02, 18, 788)
(0.24, 20, 13797)
(0.03, 14, 356)
(0.12, 1, 234)
(0.04, 8, 809)
(0.12, 24, 3343)
(0.07, 11, 460)
(0.25, 4, 4066)
(0.18, 7, 1279)
(0.06, 6, 238)
(0.23, 25, 11884)
(0.14, 8, 493)
(0.03, 5, 301)
(0.13, 22, 2657)
(0.21, 15, 8933)
(0.09, 25, 965)
(0.25, 25, 44055)
(0.02, 9, 414)
(0.27, 23, 43597)
(0.09, 25, 946)
(0.09, 8, 536)
(0.13, 9, 836)
(0.18, 16, 3711)
(0.29, 25, 50000)
(0.17, 12, 2404)
(0.14, 6, 669)
(0.01, 12, 488)
(0.27, 19, 13560)
(0.28, 13, 25886)
(0.07, 11, 268)
(0.22, 2, 273)
(0.18, 22, 4566)
(0.19, 19, 7769)
(0.22, 3, 1180)
(0.12, 19, 1457)
(0.01, 3, 489)
(0.21, 21, 3902)
(0.27, 22, 22070)
(0.09, 14, 383)
(0.16, 14, 2626)
(0.0, 3, 5850)
(0.05, 14, 683)
(0.22, 21, 11309)
(0.16, 9, 1767)
(0.1, 5, 169)
(0.22, 4, 1676)
(0.28, 2, 489)
(0.27, 15, 15430)
(0.17, 5, 697)
(0.12, 1, 317)
(0.03, 11, 673)
(0.2, 1, 295)
(0.15, 17, 1235)
(0.28, 7, 8007)
(0.23, 14, 4105)
(0.16, 23, 4107)
(0.05, 11, 557)
(0.24, 25, 24177)
(0.11, 10, 575)
(0.25, 23, 34417)
(0.08, 24, 1580)
(0.16, 6, 764)
(0.06, 10, 543)
(0.3, 22, 50000)
(0.28, 4, 5321)
(0.0, 5, 5783)
(0.25, 7, 6420)
(0.12, 11, 2079)
(0.19, 12, 2772)
(0.13, 15, 1675)
(0.25, 25, 37587)
(0.02, 25, 1153)
(0.03, 25, 1779)
(0.08, 3, 151)
(0.22, 21, 14072)
(0.12, 14, 536)
(0.05, 23, 879)
(0.12, 23, 3849)
(0.03, 9, 404)
(0.15, 25, 3892)
(0.09, 5, 215)
(0.01, 19, 3416)
(0.07, 1, 296)
(0.25, 7, 5269)
(0.23, 24, 14180)
(0.2, 19, 6675)
(0.04, 25, 860)
(0.16, 2, 267)
(0.08, 18, 944)
(0.16, 1, 310)
(0.05, 2, 190)
(0.02, 2, 397)
(0.0, 25, 21966)
(0.01, 12, 1594)
(0.01, 5, 660)
(0.12, 15, 2011)
(0.25, 12, 11502)
(0.26, 18, 29898)
(0.25, 2, 716)
(0.23, 6, 2502)
(0.23, 23, 13649)
(0.07, 14, 851)
(0.26, 17, 22549)
(0.16, 20, 4059)
(0.08, 11, 591)
(0.0, 13, 9837)
(0.16, 20, 3665)
(0.04, 8, 243)
(0.12, 20, 3491)
(0.28, 3, 2144)
(0.11, 1, 264)
(0.18, 12, 3267)
(0.13, 25, 2519)
(0.03, 23, 983)
(0.09, 1, 308)
(0.25, 6, 9260)
(0.0, 8, 4914)
(0.07, 16, 741)
(0.05, 16, 551)
(0.04, 8, 468)
(0.26, 24, 50000)
(0.16, 13, 1273)
(0.24, 15, 10492)
(0.14, 22, 6088)
(0.18, 14, 4383)
(0.04, 22, 632)
(0.11, 1, 279)
(0.22, 15, 9280)
(0.25, 20, 27901)
(0.27, 12, 21527)
(0.01, 15, 795)
(0.27, 8, 8500)
(0.19, 10, 3112)
(0.23, 2, 333)
(0.14, 12, 1260)
(0.2, 17, 7302)
(0.03, 2, 267)
(0.04, 8, 269)
(0.26, 11, 10383)
(0.04, 20, 625)
(0.25, 12, 16407)
(0.22, 6, 2803)
(0.11, 10, 527)
(0.07, 1, 381)
(0.11, 6, 464)
(0.2, 7, 994)
(0.1, 4, 168)
(0.03, 14, 570)
(0.06, 23, 438)
(0.13, 12, 905)
(0.25, 25, 24093)
(0.18, 14, 4560)
(0.28, 10, 13911)
(0.19, 8, 1822)
(0.3, 5, 9205)
(0.02, 8, 680)
(0.23, 6, 4130)
(0.29, 23, 50000)
(0.23, 1, 422)
(0.2, 9, 1119)
(0.14, 8, 564)
(0.0, 16, 10700)
(0.08, 20, 1134)
(0.05, 5, 231)
(0.23, 10, 7695)
(0.17, 23, 8174)
(0.08, 10, 537)
(0.18, 3, 432)
(0.07, 6, 296)
(0.09, 6, 238)
(0.25, 3, 711)
(0.04, 7, 475)
(0.18, 3, 632)
(0.03, 22, 1100)
(0.11, 7, 367)
(0.2, 6, 2128)
(0.19, 8, 2859)
(0.3, 6, 11001)
(0.27, 1, 578)
(0.3, 9, 37146)
(0.13, 1, 214)
(0.06, 15, 547)
(0.07, 11, 577)
(0.09, 3, 313)
(0.09, 13, 642)
(0.16, 2, 370)
(0.08, 20, 901)
(0.05, 10, 514)
(0.08, 21, 874)
(0.01, 17, 1420)
(0.07, 25, 1056)
(0.26, 6, 3310)
(0.19, 1, 330)
(0.12, 5, 457)
(0.2, 24, 8736)
(0.2, 3, 376)
(0.18, 10, 1195)
(0.09, 15, 918)
(0.02, 4, 277)
(0.25, 5, 2038)
(0.03, 21, 437)
(0.07, 14, 778)
(0.23, 10, 6975)
(0.2, 5, 1679)
(0.2, 21, 6061)
(0.14, 3, 562)
(0.16, 9, 1085)
(0.11, 9, 805)
(0.02, 13, 558)
(0.17, 12, 2107)
(0.06, 12, 582)
(0.22, 9, 4786)
(0.25, 9, 5205)
(0.08, 9, 485)
(0.02, 25, 1695)
(0.16, 22, 2652)
(0.3, 9, 24441)
(0.21, 9, 2587)
(0.16, 10, 2078)
(0.05, 9, 333)
(0.28, 13, 23027)
(0.08, 10, 622)
(0.18, 10, 3114)
(0.19, 7, 2311)
(0.01, 8, 541)
(0.07, 25, 2212)
(0.04, 11, 301)
(0.13, 24, 2368)
(0.14, 6, 775)
(0.18, 20, 16292)
(0.0, 4, 4439)
(0.0, 7, 5051)
(0.23, 5, 985)
(0.06, 3, 220)
(0.01, 15, 1417)
(0.06, 16, 504)
(0.08, 11, 334)
(0.0, 17, 22937)
(0.29, 3, 2028)
(0.19, 8, 1614)
(0.03, 23, 980)
(0.08, 11, 553)
(0.01, 15, 1167)
(0.18, 2, 428)
(0.2, 2, 698)
(0.25, 24, 18140)
(0.22, 22, 11120)
(0.19, 1, 214)
(0.08, 14, 700)
(0.07, 7, 352)
(0.03, 3, 213)
(0.11, 24, 2897)
(0.1, 2, 181)
(0.24, 7, 3792)
(0.03, 16, 960)
(0.15, 13, 1628)
(0.04, 21, 1301)
(0.16, 3, 355)
(0.21, 25, 12146)
(0.15, 3, 352)
(0.03, 10, 573)
(0.1, 10, 832)
(0.01, 6, 352)
(0.15, 9, 882)
(0.02, 7, 355)
(0.23, 5, 441)
(0.08, 16, 921)
(0.07, 10, 474)
(0.03, 15, 793)
(0.1, 18, 1323)
(0.28, 13, 16718)
(0.16, 23, 4136)
(0.29, 23, 50000)
(0.0, 10, 10110)
(0.0, 9, 9057)
(0.18, 13, 3938)
(0.27, 17, 12860)
(0.06, 24, 859)
(0.1, 1, 216)
(0.13, 4, 532)
(0.06, 23, 925)
(0.03, 22, 872)
(0.28, 3, 5090)
(0.12, 21, 2345)
(0.02, 17, 830)
(0.11, 10, 527)
(0.28, 1, 485)
(0.28, 10, 15943)
(0.24, 22, 24462)
(0.21, 19, 13809)
(0.19, 24, 6397)
(0.2, 15, 7675)
(0.14, 16, 1528)
(0.28, 13, 15153)
(0.28, 1, 411)
(0.12, 16, 1429)
(0.17, 6, 892)
(0.1, 17, 1121)
(0.27, 9, 13032)
(0.09, 16, 1959)
(0.18, 7, 1199)
(0.12, 24, 2606)
(0.2, 5, 1268)
(0.25, 16, 16633)
(0.14, 5, 228)
(0.2, 7, 4192)
(0.21, 22, 9195)
(0.18, 6, 980)
(0.01, 5, 553)
(0.14, 5, 835)
(0.09, 17, 569)
(0.22, 23, 26989)
(0.21, 12, 3681)
(0.16, 17, 2491)
(0.09, 2, 217)
(0.21, 18, 6498)
(0.09, 3, 170)
(0.2, 23, 7297)
(0.19, 20, 6606)
(0.15, 8, 1025)
(0.2, 12, 6085)
(0.22, 8, 3719)
(0.07, 13, 978)
(0.2, 23, 8820)
(0.06, 16, 749)
(0.03, 4, 228)
(0.29, 5, 6158)
(0.2, 18, 3582)
(0.07, 23, 1373)
(0.2, 3, 1213)
(0.02, 25, 2034)
(0.05, 12, 437)
(0.07, 23, 524)
(0.18, 1, 287)
(0.2, 8, 2574)
(0.21, 21, 6181)
(0.04, 6, 368)
(0.13, 22, 1813)
(0.2, 1, 323)
(0.26, 18, 44069)
(0.11, 22, 1354)
(0.21, 1, 275)
(0.06, 23, 864)
(0.23, 1, 569)
(0.3, 13, 37797)
(0.02, 3, 274)
(0.18, 25, 3650)
(0.14, 21, 4759)
(0.13, 25, 2017)
(0.09, 1, 261)
(0.26, 6, 6750)
(0.0, 19, 9339)
(0.27, 1, 426)
(0.02, 3, 309)
(0.0, 16, 12685)
(0.0, 16, 13986)
(0.2, 4, 1238)
(0.05, 16, 581)
(0.13, 10, 638)
(0.14, 17, 1435)
(0.03, 9, 522)
(0.25, 8, 7149)
(0.12, 12, 1343)
(0.02, 13, 714)
(0.08, 18, 512)
(0.03, 23, 1124)
(0.06, 20, 852)
(0.23, 19, 17470)
(0.27, 8, 5051)
(0.16, 18, 3045)
(0.29, 20, 50000)
(0.22, 5, 2131)
(0.08, 16, 850)
(0.05, 18, 790)
(0.17, 3, 327)
(0.0, 5, 3347)
(0.0, 14, 9384)
(0.18, 18, 3724)
(0.23, 12, 4886)
(0.09, 4, 277)
(0.05, 3, 207)
(0.07, 4, 248)
(0.12, 16, 1202)
(0.22, 18, 9236)
(0.25, 1, 350)
(0.08, 16, 886)
(0.19, 22, 7114)
(0.11, 22, 1697)
(0.01, 15, 1979)
(0.24, 15, 13844)
(0.05, 8, 451)
(0.24, 13, 13563)
(0.08, 23, 1299)
(0.06, 11, 404)
(0.23, 20, 45429)
(0.11, 11, 312)
(0.21, 13, 5005)
(0.05, 1, 376)
(0.19, 15, 4624)
(0.01, 14, 1411)
(0.12, 15, 1033)
(0.13, 8, 746)
(0.24, 19, 9358)
(0.02, 19, 1588)
(0.27, 22, 40581)
(0.28, 16, 38535)
(0.26, 6, 2767)
(0.07, 13, 834)
(0.02, 23, 1077)
(0.14, 19, 3497)
(0.11, 1, 255)
(0.15, 25, 4966)
(0.11, 15, 587)
(0.19, 20, 5771)
(0.19, 24, 5069)
(0.2, 23, 15016)
(0.2, 22, 9852)
(0.26, 19, 24416)
(0.06, 17, 790)
(0.3, 25, 50000)
(0.1, 5, 299)
(0.19, 12, 3929)
(0.23, 9, 3596)
(0.04, 22, 721)
(0.29, 5, 2453)
(0.13, 13, 1353)
(0.1, 4, 339)
(0.22, 11, 6024)
(0.16, 22, 4959)
(0.07, 9, 275)
(0.1, 24, 2377)
(0.06, 17, 592)
(0.23, 9, 10201)
(0.04, 15, 923)
(0.04, 3, 219)
(0.14, 1, 258)
(0.24, 16, 26655)
(0.29, 20, 45290)
(0.27, 22, 37342)
(0.04, 15, 1156)
(0.09, 8, 557)
(0.2, 3, 1361)
(0.24, 17, 11677)
(0.21, 9, 3745)
(0.16, 12, 1871)
(0.05, 1, 307)
(0.03, 2, 271)
(0.18, 1, 484)
(0.17, 17, 3213)
(0.24, 4, 1722)
(0.17, 20, 6019)
(0.07, 14, 1151)
(0.01, 19, 1196)
(0.12, 10, 889)
(0.2, 11, 2470)
(0.2, 13, 2147)
(0.24, 4, 1124)
(0.27, 6, 2941)
(0.27, 14, 22752)
(0.18, 12, 4278)
(0.12, 22, 1412)
(0.16, 10, 1090)
(0.19, 24, 4149)
(0.18, 7, 1953)
(0.26, 16, 29409)
(0.04, 2, 233)
(0.02, 20, 1194)
(0.01, 2, 447)
(0.21, 1, 267)
(0.01, 12, 861)
(0.14, 15, 2692)
(0.21, 21, 8803)
(0.27, 25, 41789)
(0.17, 16, 2797)
(0.08, 13, 1362)
(0.04, 1, 422)
(0.13, 25, 2736)
(0.08, 3, 148)
(0.29, 6, 9843)
(0.01, 15, 1362)
(0.18, 18, 5984)
(0.28, 12, 16209)
(0.24, 20, 14938)
(0.18, 22, 4355)
(0.29, 17, 50000)
(0.18, 22, 3705)
(0.04, 18, 920)
(0.25, 4, 1185)
(0.08, 12, 982)
(0.01, 24, 1782)
(0.19, 20, 5053)
(0.03, 8, 268)
(0.17, 8, 741)
(0.04, 5, 213)
(0.13, 24, 2480)
(0.04, 20, 520)
(0.29, 24, 50000)
(0.11, 2, 170)
(0.15, 22, 3563)
(0.04, 14, 388)
(0.22, 20, 10478)
(0.16, 10, 1407)
(0.27, 25, 38953)
(0.25, 3, 883)
(0.07, 19, 677)
(0.09, 1, 316)
(0.29, 13, 48061)
(0.07, 11, 492)
(0.16, 13, 1344)
(0.1, 1, 255)
(0.26, 19, 28785)
(0.08, 24, 709)
(0.04, 4, 409)
(0.07, 7, 287)
(0.15, 23, 3565)
(0.23, 24, 10966)
(0.16, 17, 2868)
(0.27, 18, 21524)
(0.08, 4, 225)
(0.04, 18, 649)
(0.07, 17, 1031)
(0.25, 6, 3155)
(0.03, 15, 883)
(0.04, 18, 1050)
(0.22, 9, 8455)
(0.14, 10, 1288)
(0.01, 21, 1862)
(0.11, 1, 282)
(0.29, 21, 50000)
(0.13, 15, 1237)
(0.15, 9, 1367)
(0.05, 16, 860)
(0.23, 4, 1417)
(0.04, 19, 616)
(0.2, 9, 3095)
(0.08, 16, 1007)
(0.28, 12, 21885)
(0.07, 1, 309)
(0.26, 16, 17476)
(0.05, 25, 1085)
(0.12, 25, 1410)
(0.29, 10, 15508)
(0.12, 5, 317)
(0.15, 18, 2153)
(0.18, 22, 5369)
(0.01, 16, 2620)
(0.07, 19, 873)
(0.13, 11, 1178)
(0.0, 1, 8307)
(0.28, 23, 50000)
(0.3, 8, 40934)
(0.27, 16, 20384)
(0.18, 7, 1534)
(0.0, 18, 13359)
(0.08, 7, 259)
(0.01, 5, 568)
(0.04, 23, 747)
(0.29, 5, 7843)
(0.05, 16, 472)
(0.0, 3, 4222)
(0.26, 24, 47663)
(0.08, 24, 1103)
(0.05, 15, 378)
(0.02, 1, 603)
(0.17, 14, 1336)
(0.25, 22, 25141)
(0.02, 18, 970)
(0.0, 1, 6980)
(0.2, 15, 5126)
(0.09, 18, 1193)
(0.1, 5, 291)
(0.06, 12, 642)
(0.02, 6, 373)
(0.21, 20, 12942)
(0.27, 19, 50000)
(0.21, 9, 4647)
(0.04, 19, 948)
(0.13, 16, 2162)
(0.05, 13, 436)
(0.16, 16, 3288)
(0.15, 7, 1251)
(0.22, 17, 14180)
(0.14, 23, 3098)
(0.24, 11, 8536)
(0.16, 2, 315)
(0.13, 17, 1948)
(0.14, 5, 687)
(0.17, 22, 4591)
(0.01, 23, 2472)
(0.3, 21, 49340)
(0.07, 23, 928)
(0.2, 5, 679)
(0.24, 17, 9903)
(0.26, 7, 6781)
(0.19, 7, 1214)
(0.22, 22, 9909)
(0.28, 7, 10079)
(0.0, 20, 17833)
(0.26, 24, 40296)
(0.15, 8, 1518)
(0.12, 19, 1915)
(0.27, 15, 26671)
(0.06, 22, 1077)
(0.18, 25, 4861)
(0.0, 9, 6733)
(0.09, 5, 172)
(0.12, 18, 1748)
(0.06, 2, 228)
(0.15, 25, 3620)
(0.11, 3, 299)
(0.06, 2, 241)
(0.0, 12, 8997)
(0.11, 1, 271)
(0.24, 17, 13780)
(0.28, 15, 21503)
(0.19, 4, 448)
(0.01, 19, 1778)
(0.22, 11, 3987)
(0.09, 22, 1659)
(0.2, 4, 567)
(0.18, 19, 9495)
(0.16, 14, 1800)
(0.19, 23, 3904)
(0.01, 19, 1012)
(0.0, 23, 9369)
(0.19, 13, 3518)
(0.24, 2, 874)
(0.19, 12, 4590)
(0.06, 23, 872)
(0.04, 16, 468)
(0.02, 4, 240)
(0.12, 17, 1338)
(0.15, 10, 1036)
(0.21, 10, 2349)
(0.04, 19, 1001)
(0.01, 25, 1703)
(0.08, 2, 169)
(0.07, 20, 900)
(0.02, 21, 924)
(0.13, 17, 2496)
(0.18, 8, 1573)
(0.09, 23, 1106)
(0.11, 3, 363)
(0.25, 25, 32164)
(0.2, 8, 2137)
(0.26, 8, 13212)
(0.09, 14, 472)
(0.18, 13, 5328)
(0.02, 1, 559)
(0.3, 16, 50000)
(0.21, 12, 11021)
(0.03, 18, 497)
(0.24, 2, 534)
(0.24, 8, 13156)
(0.03, 22, 655)
(0.3, 22, 50000)
(0.0, 25, 26209)
(0.06, 20, 373)
(0.06, 11, 725)
(0.06, 8, 320)
(0.19, 24, 10859)
(0.18, 20, 3596)
(0.07, 12, 968)
(0.18, 24, 7073)
(0.0, 5, 3782)
(0.07, 1, 332)
(0.07, 10, 605)
(0.14, 4, 305)
(0.03, 24, 1137)
(0.15, 20, 3032)
(0.08, 17, 1171)
(0.14, 20, 1589)
(0.1, 11, 1007)
(0.19, 5, 407)
(0.1, 5, 427)
(0.17, 22, 4218)
(0.19, 24, 6408)
(0.3, 11, 34811)
(0.26, 20, 46460)
(0.12, 9, 642)
(0.16, 16, 3679)
(0.01, 5, 672)
(0.21, 9, 2091)
(0.15, 4, 598)
(0.0, 8, 9740)
(0.13, 21, 1757)
(0.24, 15, 7554)
(0.22, 3, 1909)
(0.08, 14, 706)
(0.17, 11, 2962)
(0.04, 7, 525)
(0.23, 12, 7140)
(0.13, 1, 301)
(0.04, 10, 496)
(0.04, 14, 691)
(0.1, 3, 228)
(0.15, 1, 318)
(0.09, 18, 1318)
(0.14, 24, 2218)
(0.16, 19, 1490)
(0.19, 18, 4477)
(0.28, 17, 21851)
(0.28, 12, 30160)
(0.24, 11, 8666)
(0.11, 13, 774)
(0.26, 18, 26671)
(0.22, 4, 2066)
(0.25, 10, 4268)
(0.09, 14, 834)
(0.15, 15, 1866)
(0.19, 19, 4661)
(0.02, 15, 1079)
(0.14, 10, 1242)
(0.01, 25, 1339)
(0.23, 16, 10686)
(0.17, 18, 5596)
(0.27, 12, 12560)
(0.26, 13, 24563)
(0.3, 25, 50000)
(0.1, 7, 296)
(0.26, 25, 18953)
(0.1, 21, 1369)
(0.2, 21, 11497)
(0.28, 3, 1793)
(0.05, 16, 694)
(0.14, 8, 669)
(0.25, 17, 31026)
(0.16, 10, 1215)
(0.1, 8, 490)
(0.19, 10, 3507)
(0.01, 2, 601)
(0.25, 14, 10434)
(0.07, 16, 525)
(0.07, 12, 331)
(0.18, 20, 4294)
(0.02, 16, 1031)
(0.2, 25, 6228)
(0.12, 7, 722)
(0.14, 3, 275)
(0.18, 6, 1202)
(0.25, 15, 12482)
(0.17, 5, 944)
(0.16, 25, 4559)
(0.15, 3, 261)
(0.03, 3, 393)
(0.12, 15, 1501)
(0.25, 25, 37853)
(0.03, 9, 561)
(0.26, 16, 23467)
(0.1, 10, 716)
(0.29, 3, 5573)
(0.14, 10, 573)
(0.04, 5, 340)
(0.09, 9, 336)
(0.18, 15, 4067)
(0.21, 25, 13568)
(0.02, 25, 1374)
(0.14, 17, 1769)
(0.01, 4, 612)
(0.23, 9, 8349)
(0.24, 7, 3233)
(0.19, 4, 1173)
(0.15, 11, 1793)
(0.21, 9, 2892)
(0.16, 1, 282)
(0.09, 10, 606)
(0.09, 25, 562)
(0.27, 5, 4175)
(0.19, 4, 847)
(0.17, 1, 369)
(0.01, 10, 767)
(0.2, 19, 18610)
(0.11, 5, 439)
(0.1, 16, 617)
(0.04, 24, 1310)
